1
60
37
12
11
79
16
48
60
29
12
41
50
87
70
25
17
99
76
11
10
52
47
33
65
82
25
54
69
6
99
98
59
46
8
47
94
93
46
90
53
58
96
41
74
85
18
67
29
28
64
6
39
18
54
20
26
4
32
81
45
30
28
48
47
96
90
45
89
56
96
26
80
32
36
65
2
40
57
44
36
37
65
41
89
83
34
20
65
18
37
6
78
60
14
86
65
80
85
57
94
93
88
50
76
41
89
68
98
1
66
53
24
47
13
62
27
57
100
45
70
54
14
57
18
67
43
1
35
55
5
59
69
91
16
78
1
70
63
63
69
73
62
81
47
28
56
45
73
36
23
67
73
69
49
66
33
3
66
95
49
14
5
64
52
85
7
68
94
96
3
84
22
9
14
27
5
57
24
44
92
76
43
35
93
25
94
34
32
13
96
99
7
91
33
66
68
75
66
100
45
70
71
96
37
94
23
82
36
87
42
7
19
76
1
69
74
58
65
1
53
81
91
58
89
39
25
14
36
17
100
31
87
26
49
59
5
90
83
96
48
29
10
68
52
95
37
17
61
80
70
11
15
50
70
43
63
18
88
3
58
48
38
64
23
37
93
93
66
6
52
72
88
86
65
66
79
11
49
60
45
41
50
86
6
59
71
57
91
68
28
18
34
56
73
94
75
36
77
56
99
63
44
97
58
57
32
84
9
47
1
15
51
49
80
26
76
63
96
21
29
90
3
42
50
66
74
7
60
65
7
86
55
13
27
4
18
87
41
9
85
19
11
41
77
67
34
55
22
62
79
13
82
39
100
15
10
86
50
91
8
61
70
49
86
83
96
14
88
83
81
47
82
8
43
30
73
10
28
30
41
54
23
23
60
94
21
5
90
82
67
16
17
64
62
36
94
41
30
77
36
12
72
41
79
76
6
24
22
45
30
27
13
78
10
17
69
9
90
99
77
65
10
80
21
49
63
21
39
8
38
22
100
35
98
65
6
53
100
48
73
13
28
51
17
52
77
48
74
100
65
79
92
47
16
85
77
7
83
43
47
23
35
49
17
31
70
91
77
41
39
21
68
39
21
65
71
7
61
76
66
85
66
45
48
85
33
39
45
13
6
60
14
48
13
10
83
97
86
89
83
22
53
5
73
20
71
65
67
38
37
7
6
83
31
87
39
72
28
20
72
65
56
80
90
83
34
56
89
4
61
83
37
64
70
30
16
2
46
28
31
92
4
15
90
42
28
32
99
67
33
53
37
61
88
84
6
83
75
62
83
4
45
71
67
70
98
97
22
27
13
76
64
48
4
58
92
79
37
57
33
62
4
97
64
41
97
65
72
24
11
62
99
81
50
55
47
50
63
10
52
3
81
4
21
10
91
73
63
92
73
85
55
38
89
58
92
74
43
8
32
16
97
25
52
14
63
3
75
74
11
27
43
30
8
1
24
17
30
81
25
59
56
59
26
23
77
16
97
46
60
98
16
74
66
19
18
49
74
23
42
47
53
51
23
40
86
16
51
31
56
55
31
93
70
25
96
53
64
5
38
84
18
50
72
10
46
57
66
32
19
65
39
23
100
21
89
58
53
50
39
73
18
49
27
95
19
2
32
47
100
3
77
46
65
9
64
45
5
66
25
82
6
93
5
9
10
48
38
48
49
78
25
23
46
47
22
84
28
18
23
42
8
93
95
44
75
28
86
35
80
13
22
66
41
100
92
67
40
46
50
17
60
3
78
94
96
37
5
46
73
99
33
24
43
38
59
49
22
45
28
89
39
34
1
17
8
6
77
81
80
31
4
38
68
18
63
39
84
1
79
10
45
98
2
56
40
49
12
45
56
56
94
98
62
54
72
56
93
70
27
39
35
63
88
52
8
30
48
81
53
90
95
45
25
54
31
34
68
39
2
48
25
93
20
97
7
81
39
47
39
16
84
73
48
66
37
59
11
36
68
45
85
88
18
16
46
53
45
71
5
35
83
26
12
17
70
82
44
39
63
88
67
94
69
14
71
67
89
74
41
90
97
14
6
89
27
66
68
27
15
62
9
96
56
97
81
14
85
51
68
71
80
44
21
87
89
42
90
43
9
44
41
55
65
67
100
4
52
71
71
15
6
25
29
8
80
66
38
22
99
76
48
56
62
76
98
95
32
39
87
58
43
14
16
90
54
91
87
97
36
57
10
10
98
73
56
2
51
3
80
65
8
25
20
98
85
100
62
99
12
99
24
70
2
16
94
3
44
67
88
70
37
33
68
98
4
92
46
31
